TARGET: PSR B0531+21
RA:   "05:34:31.97232"
DEC: "+22:00:52.069"
EPHEM: DE430
DM: 56.7747 # dummy 
DM1:  0.0 # dummy 
DMEPOCH: 57980
F0: 29.6396012136058
F1: -3.6870686500E-10
MJD0: 57974.0
TJPL_MS: 5.4986